 Entering Gaussian System, Link 0=/home/ubuntu/g16/g16
 Input=/home/ubuntu/Downloads/molecule_10-volume.gjf
 Output=/home/ubuntu/Downloads/molecule_10-volume.log
 Initial command:
 /home/ubuntu/g16/l1.exe "/home/ubuntu/Scratch/Gau-23981.inp" -scrdir="/home/ubuntu/Scratch/"
 Entering Link 1 = /home/ubuntu/g16/l1.exe PID=     23983.
  
 Copyright (c) 1988-2017, Gaussian, Inc.  All Rights Reserved.
  
 This is part of the Gaussian(R) 16 program.  It is based on
 the Gaussian(R) 09 system (copyright 2009, Gaussian, Inc.),
 the Gaussian(R) 03 system (copyright 2003, Gaussian, Inc.),
 the Gaussian(R) 98 system (copyright 1998, Gaussian, Inc.),
 the Gaussian(R) 94 system (copyright 1995, Gaussian, Inc.),
 the Gaussian 92(TM) system (copyright 1992, Gaussian, Inc.),
 the Gaussian 90(TM) system (copyright 1990, Gaussian, Inc.),
 the Gaussian 88(TM) system (copyright 1988, Gaussian, Inc.),
 the Gaussian 86(TM) system (copyright 1986, Carnegie Mellon
 University), and the Gaussian 82(TM) system (copyright 1983,
 Carnegie Mellon University). Gaussian is a federally registered
 trademark of Gaussian, Inc.
  
 This software contains proprietary and confidential information,
 including trade secrets, belonging to Gaussian, Inc.
  
 This software is provided under written license and may be
 used, copied, transmitted, or stored only in accord with that
 written license.
  
 The following legend is applicable only to US Government
 contracts under FAR:
  
                    RESTRICTED RIGHTS LEGEND
  
 Use, reproduction and disclosure by the US Government is
 subject to restrictions as set forth in subparagraphs (a)
 and (c) of the Commercial Computer Software - Restricted
 Rights clause in FAR 52.227-19.
  
 Gaussian, Inc.
 340 Quinnipiac St., Bldg. 40, Wallingford CT 06492
  
  
 ---------------------------------------------------------------
 Warning -- This program may not be used in any manner that
 competes with the business of Gaussian, Inc. or will provide
 assistance to any competitor of Gaussian, Inc.  The licensee
 of this program is prohibited from giving any competitor of
 Gaussian, Inc. access to this program.  By using this program,
 the user acknowledges that Gaussian, Inc. is engaged in the
 business of creating and licensing software in the field of
 computational chemistry and represents and warrants to the
 licensee that it is not a competitor of Gaussian, Inc. and that
 it will not use this program in any manner prohibited above.
 ---------------------------------------------------------------
  

 Cite this work as:
 Gaussian 16, Revision B.01,
 M. J. Frisch, G. W. Trucks, H. B. Schlegel, G. E. Scuseria, 
 M. A. Robb, J. R. Cheeseman, G. Scalmani, V. Barone, 
 G. A. Petersson, H. Nakatsuji, X. Li, M. Caricato, A. V. Marenich, 
 J. Bloino, B. G. Janesko, R. Gomperts, B. Mennucci, H. P. Hratchian, 
 J. V. Ortiz, A. F. Izmaylov, J. L. Sonnenberg, D. Williams-Young, 
 F. Ding, F. Lipparini, F. Egidi, J. Goings, B. Peng, A. Petrone, 
 T. Henderson, D. Ranasinghe, V. G. Zakrzewski, J. Gao, N. Rega, 
 G. Zheng, W. Liang, M. Hada, M. Ehara, K. Toyota, R. Fukuda, 
 J. Hasegawa, M. Ishida, T. Nakajima, Y. Honda, O. Kitao, H. Nakai, 
 T. Vreven, K. Throssell, J. A. Montgomery, Jr., J. E. Peralta, 
 F. Ogliaro, M. J. Bearpark, J. J. Heyd, E. N. Brothers, K. N. Kudin, 
 V. N. Staroverov, T. A. Keith, R. Kobayashi, J. Normand, 
 K. Raghavachari, A. P. Rendell, J. C. Burant, S. S. Iyengar, 
 J. Tomasi, M. Cossi, J. M. Millam, M. Klene, C. Adamo, R. Cammi, 
 J. W. Ochterski, R. L. Martin, K. Morokuma, O. Farkas, 
 J. B. Foresman, and D. J. Fox, Gaussian, Inc., Wallingford CT, 2016.
 
 ******************************************
 Gaussian 16:  EM64L-G16RevB.01 20-Dec-2017
                18-Sep-2023 
 ******************************************
 %nprocshared=32
 Will use up to   32 processors via shared memory.
 %mem=62GB
 %chk=molecule_10-volume.chk
 ----------------------------------------------------------------------
 # opt freq b3lyp/6-31+g(d) empiricaldispersion=gd3 scf=maxcycle=1000 v
 olume
 ----------------------------------------------------------------------
 1/18=20,19=15,26=3,38=1/1,3;
 2/9=110,12=2,17=6,18=5,40=1/2;
 3/5=1,6=6,7=11,11=2,25=1,30=1,71=1,74=-5,124=31/1,2,3;
 4//1;
 5/5=2,7=1000,38=5/2;
 6/7=2,8=2,9=2,10=2,28=1,44=1/1,4;
 7//1,2,3,16;
 1/18=20,19=15,26=3/3(2);
 2/9=110/2;
 99//99;
 2/9=110/2;
 3/5=1,6=6,7=11,11=2,25=1,30=1,71=1,74=-5,124=31/1,2,3;
 4/5=5,16=3,69=1/1;
 5/5=2,7=1000,38=5/2;
 7//1,2,3,16;
 1/18=20,19=15,26=3/3(-5);
 2/9=110/2;
 6/7=2,8=2,9=2,10=2,19=2,28=1,44=1/1,4;
 99/9=1/99;
 -------------------
 Title Card Required
 -------------------
 Symbolic Z-matrix:
 Charge =  0 Multiplicity = 1
 C                     0.00069  -0.7829    1.38581 
 C                    -0.00069   0.7829    1.38581 
 H                    -0.88278  -1.18737   1.8949 
 H                     0.88527  -1.18578   1.89425 
 H                    -0.88527   1.18578   1.89425 
 H                     0.88278   1.18737   1.8949 
 C                    -1.19959  -0.784    -0.69279 
 H                    -1.19692  -1.1874   -1.71281 
 H                    -2.08205  -1.18782  -0.18153 
 C                    -1.20016   0.78271  -0.69326 
 H                    -1.19705   1.18549  -1.71352 
 H                    -2.08329   1.18621  -0.18287 
 C                     1.19959   0.784    -0.69279 
 H                     1.19692   1.1874   -1.71281 
 H                     2.08205   1.18782  -0.18153 
 C                     1.20016  -0.78271  -0.69326 
 H                     1.19705  -1.18549  -1.71352 
 H                     2.08329  -1.18621  -0.18287 
 N                    -0.00069   1.29054   0.00042 
 N                     0.00069  -1.29054   0.00042 
 

 GradGradGradGradGradGradGradGradGradGradGradGradGradGradGradGradGradGrad
 Berny optimization.
 Initialization pass.
                           ----------------------------
                           !    Initial Parameters    !
                           ! (Angstroms and Degrees)  !
 --------------------------                            --------------------------
 ! Name  Definition              Value          Derivative Info.                !
 --------------------------------------------------------------------------------
 ! R1    R(1,2)                  1.5658         estimate D2E/DX2                !
 ! R2    R(1,3)                  1.0969         estimate D2E/DX2                !
 ! R3    R(1,4)                  1.0969         estimate D2E/DX2                !
 ! R4    R(1,20)                 1.4755         estimate D2E/DX2                !
 ! R5    R(2,5)                  1.0969         estimate D2E/DX2                !
 ! R6    R(2,6)                  1.0969         estimate D2E/DX2                !
 ! R7    R(2,19)                 1.4755         estimate D2E/DX2                !
 ! R8    R(7,8)                  1.0969         estimate D2E/DX2                !
 ! R9    R(7,9)                  1.0969         estimate D2E/DX2                !
 ! R10   R(7,10)                 1.5667         estimate D2E/DX2                !
 ! R11   R(7,20)                 1.4757         estimate D2E/DX2                !
 ! R12   R(10,11)                1.0969         estimate D2E/DX2                !
 ! R13   R(10,12)                1.0969         estimate D2E/DX2                !
 ! R14   R(10,19)                1.4757         estimate D2E/DX2                !
 ! R15   R(13,14)                1.0969         estimate D2E/DX2                !
 ! R16   R(13,15)                1.0969         estimate D2E/DX2                !
 ! R17   R(13,16)                1.5667         estimate D2E/DX2                !
 ! R18   R(13,19)                1.4757         estimate D2E/DX2                !
 ! R19   R(16,17)                1.0969         estimate D2E/DX2                !
 ! R20   R(16,18)                1.0969         estimate D2E/DX2                !
 ! R21   R(16,20)                1.4757         estimate D2E/DX2                !
 ! A1    A(2,1,3)              111.5931         estimate D2E/DX2                !
 ! A2    A(2,1,4)              111.5919         estimate D2E/DX2                !
 ! A3    A(2,1,20)             110.1243         estimate D2E/DX2                !
 ! A4    A(3,1,4)              107.3934         estimate D2E/DX2                !
 ! A5    A(3,1,20)             107.9927         estimate D2E/DX2                !
 ! A6    A(4,1,20)             107.9892         estimate D2E/DX2                !
 ! A7    A(1,2,5)              111.5919         estimate D2E/DX2                !
 ! A8    A(1,2,6)              111.5931         estimate D2E/DX2                !
 ! A9    A(1,2,19)             110.1243         estimate D2E/DX2                !
 ! A10   A(5,2,6)              107.3934         estimate D2E/DX2                !
 ! A11   A(5,2,19)             107.9892         estimate D2E/DX2                !
 ! A12   A(6,2,19)             107.9927         estimate D2E/DX2                !
 ! A13   A(8,7,9)              107.4572         estimate D2E/DX2                !
 ! A14   A(8,7,10)             111.561          estimate D2E/DX2                !
 ! A15   A(8,7,20)             107.975          estimate D2E/DX2                !
 ! A16   A(9,7,10)             111.5916         estimate D2E/DX2                !
 ! A17   A(9,7,20)             108.0007         estimate D2E/DX2                !
 ! A18   A(10,7,20)            110.1016         estimate D2E/DX2                !
 ! A19   A(7,10,11)            111.5597         estimate D2E/DX2                !
 ! A20   A(7,10,12)            111.5925         estimate D2E/DX2                !
 ! A21   A(7,10,19)            110.1014         estimate D2E/DX2                !
 ! A22   A(11,10,12)           107.4574         estimate D2E/DX2                !
 ! A23   A(11,10,19)           107.972          estimate D2E/DX2                !
 ! A24   A(12,10,19)           108.0043         estimate D2E/DX2                !
 ! A25   A(14,13,15)           107.4572         estimate D2E/DX2                !
 ! A26   A(14,13,16)           111.561          estimate D2E/DX2                !
 ! A27   A(14,13,19)           107.975          estimate D2E/DX2                !
 ! A28   A(15,13,16)           111.5916         estimate D2E/DX2                !
 ! A29   A(15,13,19)           108.0007         estimate D2E/DX2                !
 ! A30   A(16,13,19)           110.1016         estimate D2E/DX2                !
 ! A31   A(13,16,17)           111.5597         estimate D2E/DX2                !
 ! A32   A(13,16,18)           111.5925         estimate D2E/DX2                !
 ! A33   A(13,16,20)           110.1014         estimate D2E/DX2                !
 ! A34   A(17,16,18)           107.4574         estimate D2E/DX2                !
 ! A35   A(17,16,20)           107.972          estimate D2E/DX2                !
 ! A36   A(18,16,20)           108.0043         estimate D2E/DX2                !
 ! A37   A(2,19,10)            108.8421         estimate D2E/DX2                !
 ! A38   A(2,19,13)            108.8422         estimate D2E/DX2                !
 ! A39   A(10,19,13)           108.7933         estimate D2E/DX2                !
 ! A40   A(1,20,7)             108.8422         estimate D2E/DX2                !
 ! A41   A(1,20,16)            108.8421         estimate D2E/DX2                !
 ! A42   A(7,20,16)            108.7933         estimate D2E/DX2                !
 ! D1    D(3,1,2,5)             -0.0425         estimate D2E/DX2                !
 ! D2    D(3,1,2,6)            120.1161         estimate D2E/DX2                !
 ! D3    D(3,1,2,19)          -119.9605         estimate D2E/DX2                !
 ! D4    D(4,1,2,5)           -120.2011         estimate D2E/DX2                !
 ! D5    D(4,1,2,6)             -0.0425         estimate D2E/DX2                !
 ! D6    D(4,1,2,19)           119.8808         estimate D2E/DX2                !
 ! D7    D(20,1,2,5)           119.8808         estimate D2E/DX2                !
 ! D8    D(20,1,2,6)          -119.9605         estimate D2E/DX2                !
 ! D9    D(20,1,2,19)           -0.0372         estimate D2E/DX2                !
 ! D10   D(2,1,20,7)           -59.1947         estimate D2E/DX2                !
 ! D11   D(2,1,20,16)           59.2376         estimate D2E/DX2                !
 ! D12   D(3,1,20,7)            62.8854         estimate D2E/DX2                !
 ! D13   D(3,1,20,16)         -178.6823         estimate D2E/DX2                !
 ! D14   D(4,1,20,7)           178.729          estimate D2E/DX2                !
 ! D15   D(4,1,20,16)          -62.8387         estimate D2E/DX2                !
 ! D16   D(1,2,19,10)           59.2376         estimate D2E/DX2                !
 ! D17   D(1,2,19,13)          -59.1947         estimate D2E/DX2                !
 ! D18   D(5,2,19,10)          -62.8387         estimate D2E/DX2                !
 ! D19   D(5,2,19,13)          178.729          estimate D2E/DX2                !
 ! D20   D(6,2,19,10)         -178.6823         estimate D2E/DX2                !
 ! D21   D(6,2,19,13)           62.8854         estimate D2E/DX2                !
 ! D22   D(8,7,10,11)           -0.0414         estimate D2E/DX2                !
 ! D23   D(8,7,10,12)          120.1763         estimate D2E/DX2                !
 ! D24   D(8,7,10,19)         -119.9017         estimate D2E/DX2                !
 ! D25   D(9,7,10,11)         -120.2592         estimate D2E/DX2                !
 ! D26   D(9,7,10,12)           -0.0415         estimate D2E/DX2                !
 ! D27   D(9,7,10,19)          119.8806         estimate D2E/DX2                !
 ! D28   D(20,7,10,11)         119.8236         estimate D2E/DX2                !
 ! D29   D(20,7,10,12)        -119.9587         estimate D2E/DX2                !
 ! D30   D(20,7,10,19)          -0.0366         estimate D2E/DX2                !
 ! D31   D(8,7,20,1)          -178.7616         estimate D2E/DX2                !
 ! D32   D(8,7,20,16)           62.7754         estimate D2E/DX2                !
 ! D33   D(9,7,20,1)           -62.8464         estimate D2E/DX2                !
 ! D34   D(9,7,20,16)          178.6905         estimate D2E/DX2                !
 ! D35   D(10,7,20,1)           59.223          estimate D2E/DX2                !
 ! D36   D(10,7,20,16)         -59.2401         estimate D2E/DX2                !
 ! D37   D(7,10,19,2)          -59.1813         estimate D2E/DX2                !
 ! D38   D(7,10,19,13)          59.2818         estimate D2E/DX2                !
 ! D39   D(11,10,19,2)         178.8069         estimate D2E/DX2                !
 ! D40   D(11,10,19,13)        -62.73           estimate D2E/DX2                !
 ! D41   D(12,10,19,2)          62.8912         estimate D2E/DX2                !
 ! D42   D(12,10,19,13)       -178.6457         estimate D2E/DX2                !
 ! D43   D(14,13,16,17)         -0.0414         estimate D2E/DX2                !
 ! D44   D(14,13,16,18)        120.1763         estimate D2E/DX2                !
 ! D45   D(14,13,16,20)       -119.9017         estimate D2E/DX2                !
 ! D46   D(15,13,16,17)       -120.2592         estimate D2E/DX2                !
 ! D47   D(15,13,16,18)         -0.0415         estimate D2E/DX2                !
 ! D48   D(15,13,16,20)        119.8806         estimate D2E/DX2                !
 ! D49   D(19,13,16,17)        119.8236         estimate D2E/DX2                !
 ! D50   D(19,13,16,18)       -119.9587         estimate D2E/DX2                !
 ! D51   D(19,13,16,20)         -0.0366         estimate D2E/DX2                !
 ! D52   D(14,13,19,2)        -178.7616         estimate D2E/DX2                !
 ! D53   D(14,13,19,10)         62.7754         estimate D2E/DX2                !
 ! D54   D(15,13,19,2)         -62.8464         estimate D2E/DX2                !
 ! D55   D(15,13,19,10)        178.6905         estimate D2E/DX2                !
 ! D56   D(16,13,19,2)          59.223          estimate D2E/DX2                !
 ! D57   D(16,13,19,10)        -59.2401         estimate D2E/DX2                !
 ! D58   D(13,16,20,1)         -59.1813         estimate D2E/DX2                !
 ! D59   D(13,16,20,7)          59.2818         estimate D2E/DX2                !
 ! D60   D(17,16,20,1)         178.8069         estimate D2E/DX2                !
 ! D61   D(17,16,20,7)         -62.73           estimate D2E/DX2                !
 ! D62   D(18,16,20,1)          62.8912         estimate D2E/DX2                !
 ! D63   D(18,16,20,7)        -178.6457         estimate D2E/DX2                !
 --------------------------------------------------------------------------------
 Trust Radius=3.00D-01 FncErr=1.00D-07 GrdErr=1.00D-06 EigMax=2.50D+02 EigMin=1.00D-04
 Number of steps in this run=    120 maximum allowed number of steps=    120.
 GradGradGradGradGradGradGradGradGradGradGradGradGradGradGradGradGradGrad

                          Input orientation:                          
 ---------------------------------------------------------------------
 Center     Atomic      Atomic             Coordinates (Angstroms)
 Number     Number       Type             X           Y           Z
 ---------------------------------------------------------------------
      1          6           0        0.000694   -0.782895    1.385813
      2          6           0       -0.000694    0.782895    1.385813
      3          1           0       -0.882778   -1.187369    1.894899
      4          1           0        0.885265   -1.185779    1.894247
      5          1           0       -0.885265    1.185779    1.894247
      6          1           0        0.882778    1.187369    1.894899
      7          6           0       -1.199586   -0.783998   -0.692789
      8          1           0       -1.196916   -1.187401   -1.712809
      9          1           0       -2.082055   -1.187820   -0.181526
     10          6           0       -1.200160    0.782713   -0.693255
     11          1           0       -1.197048    1.185488   -1.713520
     12          1           0       -2.083290    1.186207   -0.182874
     13          6           0        1.199586    0.783998   -0.692789
     14          1           0        1.196916    1.187401   -1.712809
     15          1           0        2.082055    1.187820   -0.181526
     16          6           0        1.200160   -0.782713   -0.693255
     17          1           0        1.197048   -1.185488   -1.713520
     18          1           0        2.083290   -1.186207   -0.182874
     19          7           0       -0.000694    1.290543    0.000424
     20          7           0        0.000694   -1.290543    0.000424
 ---------------------------------------------------------------------
                    Distance matrix (angstroms):
                    1          2          3          4          5
     1  C    0.000000
     2  C    1.565791   0.000000
     3  H    1.096946   2.217923   0.000000
     4  H    1.096944   2.217906   1.768044   0.000000
     5  H    2.217906   1.096944   2.373149   2.959572   0.000000
     6  H    2.217923   1.096946   2.959150   2.373149   1.768044
     7  C    2.400262   2.865848   2.638030   3.346758   3.266738
     8  H    3.346543   3.861926   3.621359   4.164893   4.328968
     9  H    2.637870   3.266854   2.397875   3.621302   3.372701
    10  C    2.866305   2.400259   3.268103   3.862528   2.637572
    11  H    3.861992   3.346522   4.330116   4.793216   3.621214
    12  H    3.268200   2.638304   3.375238   4.330481   2.397852
    13  C    2.865848   2.400262   3.862468   3.266738   3.346758
    14  H    3.861926   3.346543   4.793769   4.328968   4.164893
    15  H    3.266854   2.637870   4.329353   3.372701   3.621302
    16  C    2.400259   2.866305   3.346777   2.637572   3.862528
    17  H    3.346522   3.861992   4.164897   3.621214   4.793216
    18  H    2.638304   3.268200   3.621423   2.397852   4.330481
    19  N    2.493682   1.475469   3.241474   3.240935   2.092847
    20  N    1.475469   2.493682   2.092893   2.092847   3.240935
                    6          7          8          9         10
     6  H    0.000000
     7  C    3.862468   0.000000
     8  H    4.793769   1.096896   0.000000
     9  H    4.329353   1.096911   1.768700   0.000000
    10  C    3.346777   1.566711   2.218299   2.218695   0.000000
    11  H    4.164897   2.218282   2.372889   2.960208   1.096895
    12  H    3.621423   2.218705   2.959793   2.374028   1.096911
    13  C    2.638030   2.866119   3.266508   3.862463   2.399746
    14  H    3.621359   3.266508   3.371960   4.328759   2.636140
    15  H    2.397875   3.862463   4.328759   4.794109   3.346478
    16  C    3.268103   2.399746   2.636140   3.346478   2.865675
    17  H    4.330116   2.635705   2.393965   3.619327   3.265174
    18  H    3.375238   3.346500   3.619455   4.165346   3.862406
    19  N    2.092893   2.494315   3.241346   3.241520   1.475737
    20  N    3.241474   1.475739   2.092863   2.093204   2.494320
                   11         12         13         14         15
    11  H    0.000000
    12  H    1.768701   0.000000
    13  C    2.635705   3.346500   0.000000
    14  H    2.393965   3.619455   1.096896   0.000000
    15  H    3.619327   4.165346   1.096911   1.768700   0.000000
    16  C    3.265174   3.862406   1.566711   2.218299   2.218695
    17  H    3.369454   4.327636   2.218282   2.372889   2.960208
    18  H    4.327636   4.794657   2.218705   2.959793   2.374028
    19  N    2.092822   2.093249   1.475739   2.092863   2.093204
    20  N    3.240821   3.242048   2.494315   3.241346   3.241520
                   16         17         18         19         20
    16  C    0.000000
    17  H    1.096895   0.000000
    18  H    1.096911   1.768701   0.000000
    19  N    2.494320   3.240821   3.242048   0.000000
    20  N    1.475737   2.092822   2.093249   2.581086   0.000000
 Stoichiometry    C6H12N2
 Framework group  C2[X(C6H12N2)]
 Deg. of freedom    28
 Full point group                 C2      NOp   2
 Largest Abelian subgroup         C2      NOp   2
 Largest concise Abelian subgroup C2      NOp   2
                         Standard orientation:                         
 ---------------------------------------------------------------------
 Center     Atomic      Atomic             Coordinates (Angstroms)
 Number     Number       Type             X           Y           Z
 ---------------------------------------------------------------------
      1          6           0        0.000694   -0.782895    1.385813
      2          6           0       -0.000694    0.782895    1.385813
      3          1           0       -0.882778   -1.187369    1.894899
      4          1           0        0.885265   -1.185779    1.894247
      5          1           0       -0.885265    1.185779    1.894247
      6          1           0        0.882778    1.187369    1.894899
      7          6           0       -1.199586   -0.783998   -0.692789
      8          1           0       -1.196916   -1.187401   -1.712809
      9          1           0       -2.082055   -1.187820   -0.181526
     10          6           0       -1.200160    0.782713   -0.693255
     11          1           0       -1.197048    1.185488   -1.713520
     12          1           0       -2.083290    1.186207   -0.182874
     13          6           0        1.199586    0.783998   -0.692789
     14          1           0        1.196916    1.187401   -1.712809
     15          1           0        2.082055    1.187820   -0.181526
     16          6           0        1.200160   -0.782713   -0.693255
     17          1           0        1.197048   -1.185488   -1.713520
     18          1           0        2.083290   -1.186207   -0.182874
     19          7           0       -0.000694    1.290543    0.000424
     20          7           0        0.000694   -1.290543    0.000424
 ---------------------------------------------------------------------
 Rotational constants (GHZ):           2.6446079           2.4851718           2.4844061
 Standard basis: 6-31+G(d) (6D, 7F)
 There are    88 symmetry adapted cartesian basis functions of A   symmetry.
 There are    88 symmetry adapted cartesian basis functions of B   symmetry.
 There are    88 symmetry adapted basis functions of A   symmetry.
 There are    88 symmetry adapted basis functions of B   symmetry.
   176 basis functions,   304 primitive gaussians,   176 cartesian basis functions
    31 alpha electrons       31 beta electrons
       nuclear repulsion energy       423.2121985200 Hartrees.
 NAtoms=   20 NActive=   20 NUniq=   10 SFac= 4.00D+00 NAtFMM=   60 NAOKFM=F Big=F
 Integral buffers will be    131072 words long.
 Raffenetti 2 integral format.
 Two-electron integral symmetry is turned on.
 Nuclear repulsion after empirical dispersion term =      423.1959382470 Hartrees.
 One-electron integrals computed using PRISM.
 NBasis=   176 RedAO= T EigKep=  2.43D-05  NBF=    88    88
 NBsUse=   176 1.00D-06 EigRej= -1.00D+00 NBFU=    88    88
 ExpMin= 4.38D-02 ExpMax= 4.17D+03 ExpMxC= 6.27D+02 IAcc=3 IRadAn=         5 AccDes= 0.00D+00
 Harris functional with IExCor=  402 and IRadAn=       5 diagonalized for initial guess.
 HarFok:  IExCor=  402 AccDes= 0.00D+00 IRadAn=         5 IDoV= 1 UseB2=F ITyADJ=14
 ICtDFT=  3500011 ScaDFX=  1.000000  1.000000  1.000000  1.000000
 FoFCou: FMM=F IPFlag=           0 FMFlag=      100000 FMFlg1=           0
         NFxFlg=           0 DoJE=T BraDBF=F KetDBF=T FulRan=T
         wScrn=  0.000000 ICntrl=       500 IOpCl=  0 I1Cent=   200000004 NGrid=           0
         NMat0=    1 NMatS0=      1 NMatT0=    0 NMatD0=    1 NMtDS0=    0 NMtDT0=    0
 Petite list used in FoFCou.
 Initial guess orbital symmetries:
       Occupied  (B) (A) (A) (A) (B) (B) (A) (B) (A) (B) (A) (B)
                 (B) (A) (A) (B) (A) (B) (A) (B) (A) (B) (A) (B)
                 (A) (B) (A) (B) (A) (B) (A)
       Virtual   (A) (A) (A) (B) (B) (B) (A) (A) (B) (A) (A) (B)
                 (B) (B) (A) (B) (A) (B) (A) (B) (B) (A) (B) (A)
                 (A) (B) (A) (B) (A) (B) (A) (B) (A) (B) (B) (B)
                 (A) (B) (A) (B) (A) (A) (B) (A) (A) (B) (B) (B)
                 (A) (A) (B) (B) (A) (A) (B) (A) (B) (A) (B) (B)
                 (A) (A) (A) (B) (A) (B) (B) (A) (B) (A) (B) (A)
                 (B) (B) (A) (B) (A) (B) (A) (A) (B) (A) (B) (B)
                 (A) (B) (A) (B) (A) (B) (A) (A) (B) (A) (B) (A)
                 (B) (A) (B) (B) (A) (B) (A) (B) (A) (B) (A) (A)
                 (B) (A) (A) (B) (A) (B) (B) (A) (A) (B) (B) (A)
                 (A) (B) (A) (B) (A) (B) (A) (B) (A) (B) (A) (B)
                 (A) (B) (B) (A) (B) (A) (B) (A) (A) (B) (B) (A)
                 (B)
 The electronic state of the initial guess is 1-A.
 Requested convergence on RMS density matrix=1.00D-08 within1000 cycles.
 Requested convergence on MAX density matrix=1.00D-06.
 Requested convergence on             energy=1.00D-06.
 No special actions if energy rises.
 SCF Done:  E(RB3LYP) =  -345.355688230     A.U. after   11 cycles
            NFock= 11  Conv=0.41D-08     -V/T= 2.0098

 **********************************************************************

            Population analysis using the SCF Density.

 **********************************************************************

 Orbital symmetries:
       Occupied  (B) (A) (B) (A) (A) (A) (B) (B) (A) (B) (A) (B)
                 (B) (A) (A) (B) (A) (B) (A) (B) (A) (B) (A) (B)
                 (A) (B) (A) (B) (A) (B) (A)
       Virtual   (A) (A) (B) (B) (A) (A) (B) (B) (A) (A) (B) (B)
                 (A) (A) (B) (B) (B) (A) (B) (A) (A) (B) (A) (B)
                 (A) (B) (A) (B) (A) (A) (A) (B) (B) (B) (B) (B)
                 (A) (A) (B) (A) (B) (A) (B) (A) (B) (A) (B) (B)
                 (A) (A) (B) (B) (A) (A) (B) (A) (B) (A) (B) (B)
                 (A) (A) (A) (B) (A) (B) (B) (A) (B) (A) (B) (A)
                 (B) (B) (A) (B) (A) (B) (A) (A) (B) (A) (B) (B)
                 (A) (B) (A) (B) (A) (B) (A) (A) (B) (A) (B) (A)
                 (B) (A) (B) (B) (A) (B) (A) (B) (A) (B) (A) (A)
                 (B) (A) (A) (B) (A) (B) (A) (B) (A) (B) (B) (A)
                 (A) (B) (B) (A) (B) (A) (A) (B) (A) (B) (A) (B)
                 (A) (B) (B) (A) (B) (A) (B) (A) (A) (B) (B) (A)
                 (B)
 The electronic state is 1-A.
 Alpha  occ. eigenvalues --  -14.33111 -14.33110 -10.20919 -10.20919 -10.20913
 Alpha  occ. eigenvalues --  -10.20902 -10.20901 -10.20896  -0.96258  -0.88268
 Alpha  occ. eigenvalues --   -0.75803  -0.75785  -0.64009  -0.63999  -0.63333
 Alpha  occ. eigenvalues --   -0.52120  -0.50364  -0.50357  -0.48575  -0.41620
 Alpha  occ. eigenvalues --   -0.41610  -0.41336  -0.39753  -0.39735  -0.38268
 Alpha  occ. eigenvalues --   -0.38248  -0.33209  -0.32558  -0.32542  -0.26344
 Alpha  occ. eigenvalues --   -0.19089
 Alpha virt. eigenvalues --    0.00586   0.01991   0.01993   0.02722   0.03777
 Alpha virt. eigenvalues --    0.04278   0.04279   0.04604   0.04605   0.06916
 Alpha virt. eigenvalues --    0.09070   0.09299   0.09301   0.10714   0.10717
 Alpha virt. eigenvalues --    0.10875   0.12809   0.13807   0.13808   0.14328
 Alpha virt. eigenvalues --    0.15431   0.15433   0.17215   0.18120   0.18123
 Alpha virt. eigenvalues --    0.19478   0.19480   0.20344   0.20350   0.23195
 Alpha virt. eigenvalues --    0.23928   0.23942   0.24059   0.25018   0.26411
 Alpha virt. eigenvalues --    0.27911   0.27923   0.28691   0.28692   0.29256
 Alpha virt. eigenvalues --    0.30907   0.32612   0.32632   0.34358   0.35792
 Alpha virt. eigenvalues --    0.36195   0.36208   0.37298   0.37321   0.41651
 Alpha virt. eigenvalues --    0.41663   0.48912   0.49549   0.61988   0.61999
 Alpha virt. eigenvalues --    0.65894   0.68006   0.68854   0.68860   0.70024
 Alpha virt. eigenvalues --    0.70033   0.73788   0.77023   0.77043   0.79693
 Alpha virt. eigenvalues --    0.79706   0.86023   0.88011   0.90002   0.91833
 Alpha virt. eigenvalues --    0.91848   0.93935   0.95664   0.98391   0.98403
 Alpha virt. eigenvalues --    0.98552   0.98553   1.01220   1.01243   1.07402
 Alpha virt. eigenvalues --    1.08914   1.08922   1.12034   1.15089   1.15090
 Alpha virt. eigenvalues --    1.24543   1.25745   1.25762   1.29756   1.34092
 Alpha virt. eigenvalues --    1.34095   1.39474   1.43415   1.44886   1.44925
 Alpha virt. eigenvalues --    1.58585   1.67025   1.67431   1.67476   1.70027
 Alpha virt. eigenvalues --    1.73988   1.73990   1.83155   1.84693   1.84717
 Alpha virt. eigenvalues --    1.98072   1.98115   2.00100   2.04544   2.04609
 Alpha virt. eigenvalues --    2.07113   2.11094   2.11100   2.12195   2.12220
 Alpha virt. eigenvalues --    2.12994   2.21153   2.25785   2.28030   2.28041
 Alpha virt. eigenvalues --    2.42016   2.44132   2.45227   2.45257   2.45644
 Alpha virt. eigenvalues --    2.45676   2.52411   2.56108   2.56118   2.73296
 Alpha virt. eigenvalues --    2.77715   2.77745   2.80778   2.80794   2.85852
 Alpha virt. eigenvalues --    2.89478   2.89487   4.05609   4.29382   4.29418
 Alpha virt. eigenvalues --    4.38062   4.53656   4.69972   4.69976   4.73628
          Condensed to atoms (all electrons):
               1          2          3          4          5          6
     1  C    6.659125  -0.784959   0.456008   0.456067  -0.107490  -0.107470
     2  C   -0.784959   6.659125  -0.107470  -0.107490   0.456067   0.456008
     3  H    0.456008  -0.107470   0.528852  -0.024419  -0.004551   0.004328
     4  H    0.456067  -0.107490  -0.024419   0.528838   0.004327  -0.004551
     5  H   -0.107490   0.456067  -0.004551   0.004327   0.528838  -0.024419
     6  H   -0.107470   0.456008   0.004328  -0.004551  -0.024419   0.528852
     7  C   -0.493598   0.306268  -0.028299   0.006899   0.017276  -0.001153
     8  H    0.006934  -0.001157   0.000335  -0.000151   0.000039   0.000029
     9  H   -0.028330   0.017344   0.005345   0.000333   0.000361   0.000039
    10  C    0.306618  -0.493598   0.017232  -0.001149  -0.028341   0.006874
    11  H   -0.001152   0.006959   0.000039   0.000029   0.000334  -0.000151
    12  H    0.017301  -0.028290   0.000361   0.000039   0.005345   0.000334
    13  C    0.306268  -0.493598  -0.001153   0.017276   0.006899  -0.028299
    14  H   -0.001157   0.006934   0.000029   0.000039  -0.000151   0.000335
    15  H    0.017344  -0.028330   0.000039   0.000361   0.000333   0.005345
    16  C   -0.493598   0.306618   0.006874  -0.028341  -0.001149   0.017232
    17  H    0.006959  -0.001152  -0.000151   0.000334   0.000029   0.000039
    18  H   -0.028290   0.017301   0.000334   0.005345   0.000039   0.000361
    19  N   -0.046945   0.207376   0.005739   0.005715  -0.057889  -0.057869
    20  N    0.207376  -0.046945  -0.057869  -0.057889   0.005715   0.005739
               7          8          9         10         11         12
     1  C   -0.493598   0.006934  -0.028330   0.306618  -0.001152   0.017301
     2  C    0.306268  -0.001157   0.017344  -0.493598   0.006959  -0.028290
     3  H   -0.028299   0.000335   0.005345   0.017232   0.000039   0.000361
     4  H    0.006899  -0.000151   0.000333  -0.001149   0.000029   0.000039
     5  H    0.017276   0.000039   0.000361  -0.028341   0.000334   0.005345
     6  H   -0.001153   0.000029   0.000039   0.006874  -0.000151   0.000334
     7  C    6.657172   0.455954   0.455764  -0.782682  -0.107482  -0.107273
     8  H    0.455954   0.528856  -0.024349  -0.107465  -0.004542   0.004320
     9  H    0.455764  -0.024349   0.528742  -0.107292   0.004319  -0.004523
    10  C   -0.782682  -0.107465  -0.107292   6.657174   0.456009   0.455706
    11  H   -0.107482  -0.004542   0.004319   0.456009   0.528841  -0.024349
    12  H   -0.107273   0.004320  -0.004523   0.455706  -0.024349   0.528757
    13  C    0.306106   0.017303  -0.001229  -0.492962  -0.028425   0.006981
    14  H    0.017303   0.000363   0.000039  -0.028387   0.005368   0.000338
    15  H   -0.001229   0.000039   0.000029   0.007006   0.000337  -0.000151
    16  C   -0.492962  -0.028387   0.007006   0.305766   0.017344  -0.001233
    17  H   -0.028425   0.005368   0.000337   0.017344   0.000363   0.000039
    18  H    0.006981   0.000338  -0.000151  -0.001233   0.000039   0.000029
    19  N   -0.046985   0.005754   0.005700   0.207438  -0.057941  -0.057836
    20  N    0.207436  -0.057922  -0.057856  -0.046987   0.005731   0.005723
              13         14         15         16         17         18
     1  C    0.306268  -0.001157   0.017344  -0.493598   0.006959  -0.028290
     2  C   -0.493598   0.006934  -0.028330   0.306618  -0.001152   0.017301
     3  H   -0.001153   0.000029   0.000039   0.006874  -0.000151   0.000334
     4  H    0.017276   0.000039   0.000361  -0.028341   0.000334   0.005345
     5  H    0.006899  -0.000151   0.000333  -0.001149   0.000029   0.000039
     6  H   -0.028299   0.000335   0.005345   0.017232   0.000039   0.000361
     7  C    0.306106   0.017303  -0.001229  -0.492962  -0.028425   0.006981
     8  H    0.017303   0.000363   0.000039  -0.028387   0.005368   0.000338
     9  H   -0.001229   0.000039   0.000029   0.007006   0.000337  -0.000151
    10  C   -0.492962  -0.028387   0.007006   0.305766   0.017344  -0.001233
    11  H   -0.028425   0.005368   0.000337   0.017344   0.000363   0.000039
    12  H    0.006981   0.000338  -0.000151  -0.001233   0.000039   0.000029
    13  C    6.657172   0.455954   0.455764  -0.782682  -0.107482  -0.107273
    14  H    0.455954   0.528856  -0.024349  -0.107465  -0.004542   0.004320
    15  H    0.455764  -0.024349   0.528742  -0.107292   0.004319  -0.004523
    16  C   -0.782682  -0.107465  -0.107292   6.657174   0.456009   0.455706
    17  H   -0.107482  -0.004542   0.004319   0.456009   0.528841  -0.024349
    18  H   -0.107273   0.004320  -0.004523   0.455706  -0.024349   0.528757
    19  N    0.207436  -0.057922  -0.057856  -0.046987   0.005731   0.005723
    20  N   -0.046985   0.005754   0.005700   0.207438  -0.057941  -0.057836
              19         20
     1  C   -0.046945   0.207376
     2  C    0.207376  -0.046945
     3  H    0.005739  -0.057869
     4  H    0.005715  -0.057889
     5  H   -0.057889   0.005715
     6  H   -0.057869   0.005739
     7  C   -0.046985   0.207436
     8  H    0.005754  -0.057922
     9  H    0.005700  -0.057856
    10  C    0.207438  -0.046987
    11  H   -0.057941   0.005731
    12  H   -0.057836   0.005723
    13  C    0.207436  -0.046985
    14  H   -0.057922   0.005754
    15  H   -0.057856   0.005700
    16  C   -0.046987   0.207438
    17  H    0.005731  -0.057941
    18  H    0.005723  -0.057836
    19  N    7.069481  -0.088804
    20  N   -0.088804   7.069481
 Mulliken charges:
               1
     1  C   -0.347009
     2  C   -0.347009
     3  H    0.198398
     4  H    0.198386
     5  H    0.198386
     6  H    0.198398
     7  C   -0.347069
     8  H    0.198341
     9  H    0.198371
    10  C   -0.347070
    11  H    0.198329
    12  H    0.198382
    13  C   -0.347069
    14  H    0.198341
    15  H    0.198371
    16  C   -0.347070
    17  H    0.198329
    18  H    0.198382
    19  N   -0.149060
    20  N   -0.149060
 Sum of Mulliken charges =   0.00000
 Mulliken charges with hydrogens summed into heavy atoms:
               1
     1  C    0.049776
     2  C    0.049776
     7  C    0.049643
    10  C    0.049642
    13  C    0.049643
    16  C    0.049642
    19  N   -0.149060
    20  N   -0.149060
 Electronic spatial extent (au):  <R**2>=            771.5846
 Charge=              0.0000 electrons
 Dipole moment (field-independent basis, Debye):
    X=              0.0000    Y=              0.0000    Z=             -0.0012  Tot=              0.0012
 Quadrupole moment (field-independent basis, Debye-Ang):
   XX=            -47.5507   YY=            -59.5928   ZZ=            -47.5446
   XY=              0.0065   XZ=              0.0000   YZ=              0.0000
 Traceless Quadrupole moment (field-independent basis, Debye-Ang):
   XX=              4.0120   YY=             -8.0301   ZZ=              4.0181
   XY=              0.0065   XZ=              0.0000   YZ=              0.0000
 Octapole moment (field-independent basis, Debye-Ang**2):
  XXX=              0.0000  YYY=              0.0000  ZZZ=             -1.8296  XYY=              0.0000
  XXY=              0.0000  XXZ=              1.8375  XZZ=              0.0000  YZZ=              0.0000
  YYZ=             -0.0006  XYZ=              0.0010
 Hexadecapole moment (field-independent basis, Debye-Ang**3):
 XXXX=           -349.1257 YYYY=           -419.2430 ZZZZ=           -349.3137 XXXY=             -0.0076
 XXXZ=              0.0000 YYYX=              0.0392 YYYZ=              0.0000 ZZZX=              0.0000
 ZZZY=              0.0000 XXYY=           -115.7057 XXZZ=           -116.4351 YYZZ=           -115.7392
 XXYZ=              0.0000 YYXZ=              0.0000 ZZXY=              0.0066
 N-N= 4.231959382470D+02 E-N=-1.646601123658D+03  KE= 3.419901723208D+02
 Symmetry A    KE= 1.720115021688D+02
 Symmetry B    KE= 1.699786701520D+02
 Evaluate density.
 Using the total density.
 Monte-Carlo method of calculating molar volume:
 based on  0.001 e/bohr**3 density envelope.
 Number of points per bohr**3 =   20 CutOff= 1.00D-04
 Using the SCF density.
 There are       336 points.  Will hold       336 in memory.
 LenV=  8321407504 MDV=  8321499136.
 Box volume = 4760.496 fraction occupied=0.265
 Integrated density= 5.9731911324947568D+01 error=-2.2680886750524323D+00
 Molar volume = 1260.965 bohr**3/mol (112.527 cm**3/mol)
 Recommended a0 for SCRF calculation =  4.40 angstrom (  8.32 bohr)
 Calling FoFJK, ICntrl=      2127 FMM=F ISym2X=1 I1Cent= 0 IOpClX= 0 NMat=1 NMatS=1 NMatT=0.
 ***** Axes restored to original set *****
 -------------------------------------------------------------------
 Center     Atomic                   Forces (Hartrees/Bohr)
