 Entering Gaussian System, Link 0=C:\G09W\g09.exe
 Input=C:\Users\vivek\Downloads\ligand\molecule_10.gjf
 Output=C:\Users\vivek\Downloads\ligand\molecule_10.log
 Initial command:
 C:/G09W\l1.exe ".\Gau-22004.inp" "C:\Users\vivek\Downloads\ligand\molecule_10.log" /scrdir=".\"
 Entering Link 1 = C:/G09W\l1.exe PID=     21640.
  
 Copyright (c) 1988,1990,1992,1993,1995,1998,2003,2009,2013,
            Gaussian, Inc.  All Rights Reserved.
  
 This is part of the Gaussian(R) 09 program.  It is based on
 the Gaussian(R) 03 system (copyright 2003, Gaussian, Inc.),
 the Gaussian(R) 98 system (copyright 1998, Gaussian, Inc.),
 the Gaussian(R) 94 system (copyright 1995, Gaussian, Inc.),
 the Gaussian 92(TM) system (copyright 1992, Gaussian, Inc.),
 the Gaussian 90(TM) system (copyright 1990, Gaussian, Inc.),
 the Gaussian 88(TM) system (copyright 1988, Gaussian, Inc.),
 the Gaussian 86(TM) system (copyright 1986, Carnegie Mellon
 University), and the Gaussian 82(TM) system (copyright 1983,
 Carnegie Mellon University). Gaussian is a federally registered
 trademark of Gaussian, Inc.
  
 This software contains proprietary and confidential information,
 including trade secrets, belonging to Gaussian, Inc.
  
 This software is provided under written license and may be
 used, copied, transmitted, or stored only in accord with that
 written license.
  
 The following legend is applicable only to US Government
 contracts under FAR:
  
                    RESTRICTED RIGHTS LEGEND
  
 Use, reproduction and disclosure by the US Government is
 subject to restrictions as set forth in subparagraphs (a)
 and (c) of the Commercial Computer Software - Restricted
 Rights clause in FAR 52.227-19.
  
 Gaussian, Inc.
 340 Quinnipiac St., Bldg. 40, Wallingford CT 06492
  
  
 ---------------------------------------------------------------
 Warning -- This program may not be used in any manner that
 competes with the business of Gaussian, Inc. or will provide
 assistance to any competitor of Gaussian, Inc.  The licensee
 of this program is prohibited from giving any competitor of
 Gaussian, Inc. access to this program.  By using this program,
 the user acknowledges that Gaussian, Inc. is engaged in the
 business of creating and licensing software in the field of
 computational chemistry and represents and warrants to the
 licensee that it is not a competitor of Gaussian, Inc. and that
 it will not use this program in any manner prohibited above.
 ---------------------------------------------------------------
  

 Cite this work as:
 Gaussian 09, Revision D.01,
 M. J. Frisch, G. W. Trucks, H. B. Schlegel, G. E. Scuseria, 
 M. A. Robb, J. R. Cheeseman, G. Scalmani, V. Barone, B. Mennucci, 
 G. A. Petersson, H. Nakatsuji, M. Caricato, X. Li, H. P. Hratchian, 
 A. F. Izmaylov, J. Bloino, G. Zheng, J. L. Sonnenberg, M. Hada, 
 M. Ehara, K. Toyota, R. Fukuda, J. Hasegawa, M. Ishida, T. Nakajima, 
 Y. Honda, O. Kitao, H. Nakai, T. Vreven, J. A. Montgomery, Jr., 
 J. E. Peralta, F. Ogliaro, M. Bearpark, J. J. Heyd, E. Brothers, 
 K. N. Kudin, V. N. Staroverov, T. Keith, R. Kobayashi, J. Normand, 
 K. Raghavachari, A. Rendell, J. C. Burant, S. S. Iyengar, J. Tomasi, 
 M. Cossi, N. Rega, J. M. Millam, M. Klene, J. E. Knox, J. B. Cross, 
 V. Bakken, C. Adamo, J. Jaramillo, R. Gomperts, R. E. Stratmann, 
 O. Yazyev, A. J. Austin, R. Cammi, C. Pomelli, J. W. Ochterski, 
 R. L. Martin, K. Morokuma, V. G. Zakrzewski, G. A. Voth, 
 P. Salvador, J. J. Dannenberg, S. Dapprich, A. D. Daniels, 
 O. Farkas, J. B. Foresman, J. V. Ortiz, J. Cioslowski, 
 and D. J. Fox, Gaussian, Inc., Wallingford CT, 2013.
 
 ******************************************
 Gaussian 09:  EM64W-G09RevD.01 13-Apr-2013
                16-Sep-2023 
 ******************************************
 %nprocshared=6
 Will use up to    6 processors via shared memory.
 %mem=10GB
 %chk=C:\Users\vivek\Downloads\ligand\molecule_10.chk
 --------------------------------------------------------------------
 # opt freq b3lyp/6-31+g(d) empiricaldispersion=gd3 scf=maxcycle=1000
 --------------------------------------------------------------------
 1/14=-1,18=20,19=15,26=3,38=1/1,3;
 2/9=110,12=2,17=6,18=5,40=1/2;
 3/5=1,6=6,7=11,11=2,16=1,25=1,30=1,71=1,74=-5,124=31/1,2,3;
 4//1;
 5/5=2,7=1000,38=5/2;
 6/7=2,8=2,9=2,10=2,28=1/1;
 7//1,2,3,16;
 1/14=-1,18=20,19=15,26=3/3(2);
 2/9=110/2;
 99//99;
 2/9=110/2;
 3/5=1,6=6,7=11,11=2,16=1,25=1,30=1,71=1,74=-5,124=31/1,2,3;
 4/5=5,16=3,69=1/1;
 5/5=2,7=1000,38=5/2;
 7//1,2,3,16;
 1/14=-1,18=20,19=15,26=3/3(-5);
 2/9=110/2;
 6/7=2,8=2,9=2,10=2,19=2,28=1/1;
 99/9=1/99;
 -------------------
 Title Card Required
 -------------------
 Symbolic Z-matrix:
 Charge =  0 Multiplicity = 1
 C                     0.00076  -0.78219   1.38819 
 C                    -0.00076   0.78219   1.38819 
 H                    -0.88365  -1.18257   1.89779 
 H                     0.88637  -1.18083   1.89707 
 H                    -0.88637   1.18083   1.89707 
 H                     0.88365   1.18257   1.89779 
 C                    -1.20161  -0.78334  -0.69395 
 H                    -1.19895  -1.18257  -1.71505 
 H                    -2.08494  -1.18297  -0.18202 
 C                    -1.20224   0.78192  -0.69447 
 H                    -1.19906   1.18045  -1.71584 
 H                    -2.0863    1.18121  -0.18352 
 C                     1.20161   0.78334  -0.69395 
 H                     1.19895   1.18257  -1.71505 
 H                     2.08494   1.18297  -0.18202 
 C                     1.20224  -0.78192  -0.69447 
 H                     1.19906  -1.18045  -1.71584 
 H                     2.0863   -1.18121  -0.18352 
 N                    -0.00076   1.29153   0.00043 
 N                     0.00076  -1.29153   0.00043 
 

 GradGradGradGradGradGradGradGradGradGradGradGradGradGradGradGradGradGrad
 Berny optimization.
 Initialization pass.
                           ----------------------------
                           !    Initial Parameters    !
                           ! (Angstroms and Degrees)  !
 --------------------------                            --------------------------
 ! Name  Definition              Value          Derivative Info.                !
 --------------------------------------------------------------------------------
 ! R1    R(1,2)                  1.5644         estimate D2E/DX2                !
 ! R2    R(1,3)                  1.0964         estimate D2E/DX2                !
 ! R3    R(1,4)                  1.0964         estimate D2E/DX2                !
 ! R4    R(1,20)                 1.4783         estimate D2E/DX2                !
 ! R5    R(2,5)                  1.0964         estimate D2E/DX2                !
 ! R6    R(2,6)                  1.0964         estimate D2E/DX2                !
 ! R7    R(2,19)                 1.4783         estimate D2E/DX2                !
 ! R8    R(7,8)                  1.0964         estimate D2E/DX2                !
 ! R9    R(7,9)                  1.0964         estimate D2E/DX2                !
 ! R10   R(7,10)                 1.5653         estimate D2E/DX2                !
 ! R11   R(7,20)                 1.4786         estimate D2E/DX2                !
 ! R12   R(10,11)                1.0964         estimate D2E/DX2                !
 ! R13   R(10,12)                1.0964         estimate D2E/DX2                !
 ! R14   R(10,19)                1.4786         estimate D2E/DX2                !
 ! R15   R(13,14)                1.0964         estimate D2E/DX2                !
 ! R16   R(13,15)                1.0964         estimate D2E/DX2                !
 ! R17   R(13,16)                1.5653         estimate D2E/DX2                !
 ! R18   R(13,19)                1.4786         estimate D2E/DX2                !
 ! R19   R(16,17)                1.0964         estimate D2E/DX2                !
 ! R20   R(16,18)                1.0964         estimate D2E/DX2                !
 ! R21   R(16,20)                1.4786         estimate D2E/DX2                !
 ! A1    A(2,1,3)              111.3694         estimate D2E/DX2                !
 ! A2    A(2,1,4)              111.3685         estimate D2E/DX2                !
 ! A3    A(2,1,20)             110.1546         estimate D2E/DX2                !
 ! A4    A(3,1,4)              107.6401         estimate D2E/DX2                !
 ! A5    A(3,1,20)             108.0894         estimate D2E/DX2                !
 ! A6    A(4,1,20)             108.0851         estimate D2E/DX2                !
 ! A7    A(1,2,5)              111.3685         estimate D2E/DX2                !
 ! A8    A(1,2,6)              111.3694         estimate D2E/DX2                !
 ! A9    A(1,2,19)             110.1546         estimate D2E/DX2                !
 ! A10   A(5,2,6)              107.6401         estimate D2E/DX2                !
 ! A11   A(5,2,19)             108.0851         estimate D2E/DX2                !
 ! A12   A(6,2,19)             108.0894         estimate D2E/DX2                !
 ! A13   A(8,7,9)              107.704          estimate D2E/DX2                !
 ! A14   A(8,7,10)             111.3356         estimate D2E/DX2                !
 ! A15   A(8,7,20)             108.0748         estimate D2E/DX2                !
 ! A16   A(9,7,10)             111.3668         estimate D2E/DX2                !
 ! A17   A(9,7,20)             108.096          estimate D2E/DX2                !
 ! A18   A(10,7,20)            110.1324         estimate D2E/DX2                !
 ! A19   A(7,10,11)            111.3343         estimate D2E/DX2                !
 ! A20   A(7,10,12)            111.3678         estimate D2E/DX2                !
 ! A21   A(7,10,19)            110.1322         estimate D2E/DX2                !
 ! A22   A(11,10,12)           107.7042         estimate D2E/DX2                !
 ! A23   A(11,10,19)           108.0708         estimate D2E/DX2                !
 ! A24   A(12,10,19)           108.1002         estimate D2E/DX2                !
 ! A25   A(14,13,15)           107.704          estimate D2E/DX2                !
 ! A26   A(14,13,16)           111.3356         estimate D2E/DX2                !
 ! A27   A(14,13,19)           108.0748         estimate D2E/DX2                !
 ! A28   A(15,13,16)           111.3668         estimate D2E/DX2                !
 ! A29   A(15,13,19)           108.096          estimate D2E/DX2                !
 ! A30   A(16,13,19)           110.1324         estimate D2E/DX2                !
 ! A31   A(13,16,17)           111.3343         estimate D2E/DX2                !
 ! A32   A(13,16,18)           111.3678         estimate D2E/DX2                !
 ! A33   A(13,16,20)           110.1322         estimate D2E/DX2                !
 ! A34   A(17,16,18)           107.7042         estimate D2E/DX2                !
 ! A35   A(17,16,20)           108.0708         estimate D2E/DX2                !
 ! A36   A(18,16,20)           108.1002         estimate D2E/DX2                !
 ! A37   A(2,19,10)            108.8112         estimate D2E/DX2                !
 ! A38   A(2,19,13)            108.8113         estimate D2E/DX2                !
 ! A39   A(10,19,13)           108.7611         estimate D2E/DX2                !
 ! A40   A(1,20,7)             108.8113         estimate D2E/DX2                !
 ! A41   A(1,20,16)            108.8112         estimate D2E/DX2                !
 ! A42   A(7,20,16)            108.7611         estimate D2E/DX2                !
 ! D1    D(3,1,2,5)             -0.0469         estimate D2E/DX2                !
 ! D2    D(3,1,2,6)            120.12           estimate D2E/DX2                !
 ! D3    D(3,1,2,19)          -119.9604         estimate D2E/DX2                !
 ! D4    D(4,1,2,5)           -120.2139         estimate D2E/DX2                !
 ! D5    D(4,1,2,6)             -0.0469         estimate D2E/DX2                !
 ! D6    D(4,1,2,19)           119.8726         estimate D2E/DX2                !
 ! D7    D(20,1,2,5)           119.8726         estimate D2E/DX2                !
 ! D8    D(20,1,2,6)          -119.9604         estimate D2E/DX2                !
 ! D9    D(20,1,2,19)           -0.0409         estimate D2E/DX2                !
 ! D10   D(2,1,20,7)           -59.1556         estimate D2E/DX2                !
 ! D11   D(2,1,20,16)           59.2026         estimate D2E/DX2                !
 ! D12   D(3,1,20,7)            62.7295         estimate D2E/DX2                !
 ! D13   D(3,1,20,16)         -178.9122         estimate D2E/DX2                !
 ! D14   D(4,1,20,7)           178.9631         estimate D2E/DX2                !
 ! D15   D(4,1,20,16)          -62.6786         estimate D2E/DX2                !
 ! D16   D(1,2,19,10)           59.2026         estimate D2E/DX2                !
 ! D17   D(1,2,19,13)          -59.1556         estimate D2E/DX2                !
 ! D18   D(5,2,19,10)          -62.6786         estimate D2E/DX2                !
 ! D19   D(5,2,19,13)          178.9631         estimate D2E/DX2                !
 ! D20   D(6,2,19,10)         -178.9122         estimate D2E/DX2                !
 ! D21   D(6,2,19,13)           62.7295         estimate D2E/DX2                !
 ! D22   D(8,7,10,11)           -0.0467         estimate D2E/DX2                !
 ! D23   D(8,7,10,12)          120.1775         estimate D2E/DX2                !
 ! D24   D(8,7,10,19)         -119.9052         estimate D2E/DX2                !
 ! D25   D(9,7,10,11)         -120.2707         estimate D2E/DX2                !
 ! D26   D(9,7,10,12)           -0.0466         estimate D2E/DX2                !
 ! D27   D(9,7,10,19)          119.8707         estimate D2E/DX2                !
 ! D28   D(20,7,10,11)         119.818          estimate D2E/DX2                !
 ! D29   D(20,7,10,12)        -119.9579         estimate D2E/DX2                !
 ! D30   D(20,7,10,19)          -0.0406         estimate D2E/DX2                !
 ! D31   D(8,7,20,1)          -178.9906         estimate D2E/DX2                !
 ! D32   D(8,7,20,16)           62.6196         estimate D2E/DX2                !
 ! D33   D(9,7,20,1)           -62.6838         estimate D2E/DX2                !
 ! D34   D(9,7,20,16)          178.9264         estimate D2E/DX2                !
 ! D35   D(10,7,20,1)           59.1887         estimate D2E/DX2                !
 ! D36   D(10,7,20,16)         -59.2012         estimate D2E/DX2                !
 ! D37   D(7,10,19,2)          -59.1423         estimate D2E/DX2                !
 ! D38   D(7,10,19,13)          59.2476         estimate D2E/DX2                !
 ! D39   D(11,10,19,2)         179.0413         estimate D2E/DX2                !
 ! D40   D(11,10,19,13)        -62.5689         estimate D2E/DX2                !
 ! D41   D(12,10,19,2)          62.7341         estimate D2E/DX2                !
 ! D42   D(12,10,19,13)       -178.876          estimate D2E/DX2                !
 ! D43   D(14,13,16,17)         -0.0467         estimate D2E/DX2                !
 ! D44   D(14,13,16,18)        120.1775         estimate D2E/DX2                !
 ! D45   D(14,13,16,20)       -119.9052         estimate D2E/DX2                !
 ! D46   D(15,13,16,17)       -120.2707         estimate D2E/DX2                !
 ! D47   D(15,13,16,18)         -0.0466         estimate D2E/DX2                !
 ! D48   D(15,13,16,20)        119.8707         estimate D2E/DX2                !
 ! D49   D(19,13,16,17)        119.818          estimate D2E/DX2                !
 ! D50   D(19,13,16,18)       -119.9579         estimate D2E/DX2                !
 ! D51   D(19,13,16,20)         -0.0406         estimate D2E/DX2                !
 ! D52   D(14,13,19,2)        -178.9906         estimate D2E/DX2                !
 ! D53   D(14,13,19,10)         62.6196         estimate D2E/DX2                !
 ! D54   D(15,13,19,2)         -62.6838         estimate D2E/DX2                !
 ! D55   D(15,13,19,10)        178.9264         estimate D2E/DX2                !
 ! D56   D(16,13,19,2)          59.1887         estimate D2E/DX2                !
 ! D57   D(16,13,19,10)        -59.2012         estimate D2E/DX2                !
 ! D58   D(13,16,20,1)         -59.1423         estimate D2E/DX2                !
 ! D59   D(13,16,20,7)          59.2476         estimate D2E/DX2                !
 ! D60   D(17,16,20,1)         179.0413         estimate D2E/DX2                !
 ! D61   D(17,16,20,7)         -62.5689         estimate D2E/DX2                !
 ! D62   D(18,16,20,1)          62.7341         estimate D2E/DX2                !
 ! D63   D(18,16,20,7)        -178.876          estimate D2E/DX2                !
 --------------------------------------------------------------------------------
 Trust Radius=3.00D-01 FncErr=1.00D-07 GrdErr=1.00D-06
 Number of steps in this run=    120 maximum allowed number of steps=    120.
 GradGradGradGradGradGradGradGradGradGradGradGradGradGradGradGradGradGrad

                          Input orientation:                          
 ---------------------------------------------------------------------
 Center     Atomic      Atomic             Coordinates (Angstroms)
 Number     Number       Type             X           Y           Z
 ---------------------------------------------------------------------
      1          6           0        0.000761   -0.782185    1.388186
      2          6           0       -0.000761    0.782185    1.388186
      3          1           0       -0.883651   -1.182568    1.897791
      4          1           0        0.886373   -1.180828    1.897069
      5          1           0       -0.886373    1.180828    1.897069
      6          1           0        0.883651    1.182568    1.897791
      7          6           0       -1.201611   -0.783335   -0.693954
      8          1           0       -1.198947   -1.182565   -1.715053
      9          1           0       -2.084942   -1.182972   -0.182019
     10          6           0       -1.202236    0.781920   -0.694471
     11          1           0       -1.199059    1.180454   -1.715839
     12          1           0       -2.086295    1.181208   -0.183522
     13          6           0        1.201611    0.783335   -0.693954
     14          1           0        1.198947    1.182565   -1.715053
     15          1           0        2.084942    1.182972   -0.182019
     16          6           0        1.202236   -0.781920   -0.694471
     17          1           0        1.199059   -1.180454   -1.715839
     18          1           0        2.086295   -1.181208   -0.183522
     19          7           0       -0.000761    1.291531    0.000430
     20          7           0        0.000761   -1.291531    0.000430
 ---------------------------------------------------------------------
                    Distance matrix (angstroms):
                    1          2          3          4          5
     1  C    0.000000
     2  C    1.564371   0.000000
     3  H    1.096444   2.213469   0.000000
     4  H    1.096443   2.213456   1.770025   0.000000
     5  H    2.213456   1.096443   2.363398   2.952973   0.000000
     6  H    2.213469   1.096444   2.952495   2.363398   1.770025
     7  C    2.404372   2.868484   2.641520   3.351280   3.266605
     8  H    3.351074   3.863416   3.626576   4.170850   4.327904
     9  H    2.641274   3.266680   2.401814   3.626475   3.368490
    10  C    2.868987   2.404372   3.268108   3.864032   2.641018
    11  H    3.863482   3.351046   4.329166   4.793515   3.626414
    12  H    3.268177   2.641768   3.371298   4.329530   2.401806
    13  C    2.868484   2.404372   3.863966   3.266605   3.351280
    14  H    3.863416   3.351074   4.794133   4.327904   4.170850
    15  H    3.266680   2.641274   4.328271   3.368490   3.626475
    16  C    2.404372   2.868987   3.351308   2.641018   3.864032
    17  H    3.351046   3.863482   4.170852   3.626414   4.793515
    18  H    2.641768   3.268177   3.626630   2.401806   4.329530
    19  N    2.495229   1.478276   3.240469   3.239877   2.096140
    20  N    1.478276   2.495229   2.096196   2.096140   3.239877
                    6          7          8          9         10
     6  H    0.000000
     7  C    3.863966   0.000000
     8  H    4.794133   1.096374   0.000000
     9  H    4.328271   1.096385   1.770644   0.000000
    10  C    3.351308   1.565255   2.213775   2.214176   0.000000
    11  H    4.170852   2.213758   2.363019   2.953502   1.096372
    12  H    3.626630   2.214190   2.953032   2.364181   1.096385
    13  C    2.641520   2.868786   3.266510   3.863919   2.403847
    14  H    3.626576   3.266510   3.368046   4.327804   2.639656
    15  H    2.401814   3.863919   4.327804   4.794332   3.350968
    16  C    3.268108   2.403847   2.639656   3.350968   2.868289
    17  H    4.329166   2.639161   2.398007   3.624538   3.265015
    18  H    3.371298   3.350995   3.624694   4.171238   3.863855
    19  N    2.096196   2.495852   3.240321   3.240411   1.478558
    20  N    3.240469   1.478557   2.096200   2.096480   2.495854
                   11         12         13         14         15
    11  H    0.000000
    12  H    1.770645   0.000000
    13  C    2.639161   3.350995   0.000000
    14  H    2.398007   3.624694   1.096374   0.000000
    15  H    3.624538   4.171238   1.096385   1.770644   0.000000
    16  C    3.265015   3.863855   1.565255   2.213775   2.214176
    17  H    3.365242   4.326545   2.213758   2.363019   2.953502
    18  H    4.326545   4.794947   2.214190   2.953032   2.364181
    19  N    2.096148   2.096536   1.478557   2.096200   2.096480
    20  N    3.239731   3.241000   2.495852   3.240321   3.240411
                   16         17         18         19         20
    16  C    0.000000
    17  H    1.096372   0.000000
    18  H    1.096385   1.770645   0.000000
    19  N    2.495854   3.239731   3.241000   0.000000
    20  N    1.478558   2.096148   2.096536   2.583062   0.000000
 Stoichiometry    C6H12N2
 Framework group  C2[X(C6H12N2)]
 Deg. of freedom    28
 Full point group                 C2      NOp   2
 Largest Abelian subgroup         C2      NOp   2
 Largest concise Abelian subgroup C2      NOp   2
                         Standard orientation:                         
 ---------------------------------------------------------------------
 Center     Atomic      Atomic             Coordinates (Angstroms)
 Number     Number       Type             X           Y           Z
 ---------------------------------------------------------------------
      1          6           0        0.000761   -0.782185    1.388186
      2          6           0       -0.000761    0.782185    1.388186
      3          1           0       -0.883651   -1.182568    1.897791
      4          1           0        0.886373   -1.180828    1.897069
      5          1           0       -0.886373    1.180828    1.897069
      6          1           0        0.883651    1.182568    1.897791
      7          6           0       -1.201611   -0.783335   -0.693954
      8          1           0       -1.198947   -1.182565   -1.715053
      9          1           0       -2.084942   -1.182972   -0.182019
     10          6           0       -1.202236    0.781920   -0.694471
     11          1           0       -1.199059    1.180454   -1.715839
     12          1           0       -2.086295    1.181208   -0.183522
     13          6           0        1.201611    0.783335   -0.693954
     14          1           0        1.198947    1.182565   -1.715053
     15          1           0        2.084942    1.182972   -0.182019
     16          6           0        1.202236   -0.781920   -0.694471
     17          1           0        1.199059   -1.180454   -1.715839
     18          1           0        2.086295   -1.181208   -0.183522
     19          7           0       -0.000761    1.291531    0.000430
     20          7           0        0.000761   -1.291531    0.000430
 ---------------------------------------------------------------------
 Rotational constants (GHZ):      2.6359757      2.4831952      2.4824208
 Standard basis: 6-31+G(d) (6D, 7F)
 There are    88 symmetry adapted cartesian basis functions of A   symmetry.
 There are    88 symmetry adapted cartesian basis functions of B   symmetry.
 There are    88 symmetry adapted basis functions of A   symmetry.
 There are    88 symmetry adapted basis functions of B   symmetry.
   176 basis functions,   304 primitive gaussians,   176 cartesian basis functions
    31 alpha electrons       31 beta electrons
       nuclear repulsion energy       422.9009911102 Hartrees.
 NAtoms=   20 NActive=   20 NUniq=   10 SFac= 4.00D+00 NAtFMM=   60 NAOKFM=F Big=F
 Integral buffers will be    131072 words long.
 Raffenetti 2 integral format.
 Two-electron integral symmetry is turned on.
 Nuclear repulsion after empirical dispersion term =      422.8847236778 Hartrees.
 One-electron integrals computed using PRISM.
 NBasis=   176 RedAO= T EigKep=  1.73D-05  NBF=    88    88
 NBsUse=   176 1.00D-06 EigRej= -1.00D+00 NBFU=    88    88
 ExpMin= 4.38D-02 ExpMax= 4.17D+03 ExpMxC= 6.27D+02 IAcc=2 IRadAn=         4 AccDes= 0.00D+00
 Harris functional with IExCor=  402 and IRadAn=       4 diagonalized for initial guess.
 HarFok:  IExCor=  402 AccDes= 0.00D+00 IRadAn=         4 IDoV= 1 UseB2=F ITyADJ=14
 ICtDFT=  3500011 ScaDFX=  1.000000  1.000000  1.000000  1.000000
 FoFCou: FMM=F IPFlag=           0 FMFlag=      100000 FMFlg1=           0
         NFxFlg=           0 DoJE=T BraDBF=F KetDBF=T FulRan=T
         wScrn=  0.000000 ICntrl=     500 IOpCl=  0 I1Cent=   200000004 NGrid=           0
         NMat0=    1 NMatS0=      1 NMatT0=    0 NMatD0=    1 NMtDS0=    0 NMtDT0=    0
 Petite list used in FoFCou.
 Initial guess orbital symmetries:
       Occupied  (B) (A) (A) (A) (B) (B) (A) (B) (A) (B) (A) (B)
                 (B) (A) (A) (B) (A) (B) (A) (B) (A) (B) (A) (B)
                 (A) (B) (A) (B) (A) (B) (A)
       Virtual   (A) (A) (A) (B) (B) (B) (A) (A) (B) (A) (A) (B)
                 (B) (B) (A) (B) (A) (B) (A) (B) (B) (A) (B) (A)
                 (A) (B) (A) (B) (A) (B) (A) (B) (A) (B) (B) (B)
                 (A) (B) (A) (B) (A) (A) (B) (A) (A) (B) (B) (B)
                 (A) (A) (B) (B) (A) (A) (B) (A) (B) (A) (B) (B)
                 (A) (A) (A) (B) (A) (B) (B) (A) (A) (B) (B) (A)
                 (B) (A) (B) (B) (A) (B) (A) (A) (B) (A) (B) (B)
                 (A) (B) (A) (B) (A) (A) (B) (A) (B) (A) (B) (A)
                 (B) (A) (B) (B) (A) (B) (A) (B) (A) (B) (A) (A)
                 (B) (A) (A) (B) (A) (B) (A) (B) (A) (B) (B) (A)
                 (A) (B) (A) (B) (A) (B) (A) (B) (A) (B) (A) (B)
                 (A) (B) (B) (A) (B) (A) (B) (A) (A) (B) (B) (A)
                 (B)
 The electronic state of the initial guess is 1-A.
 Keep R1 ints in memory in symmetry-blocked form, NReq=183110994.
 Requested convergence on RMS density matrix=1.00D-08 within1000 cycles.
 Requested convergence on MAX density matrix=1.00D-06.
 Requested convergence on             energy=1.00D-06.
 No special actions if energy rises.
 SCF Done:  E(RB3LYP) =  -345.355660745     A.U. after   11 cycles
            NFock= 11  Conv=0.41D-08     -V/T= 2.0099

 **********************************************************************

            Population analysis using the SCF density.

 **********************************************************************

 Orbital symmetries:
       Occupied  (B) (A) (B) (A) (A) (A) (B) (B) (A) (B) (A) (B)
                 (B) (A) (A) (B) (A) (B) (A) (B) (A) (B) (A) (B)
                 (A) (B) (A) (B) (A) (B) (A)
       Virtual   (A) (A) (B) (B) (A) (B) (A) (A) (B) (A) (B) (B)
                 (A) (A) (B) (B) (B) (A) (B) (A) (A) (B) (A) (A)
                 (B) (B) (A) (B) (A) (A) (A) (B) (B) (B) (B) (B)
                 (A) (A) (B) (A) (B) (A) (B) (A) (B) (A) (B) (B)
                 (A) (A) (B) (B) (A) (A) (B) (A) (B) (A) (B) (B)
                 (A) (A) (A) (B) (A) (B) (B) (A) (B) (A) (B) (A)
                 (B) (B) (A) (B) (A) (B) (A) (A) (B) (A) (B) (B)
                 (A) (B) (A) (B) (A) (B) (A) (A) (B) (A) (B) (A)
                 (B) (A) (B) (B) (A) (B) (A) (B) (A) (B) (A) (A)
                 (B) (A) (A) (B) (A) (B) (A) (B) (A) (B) (B) (A)
                 (A) (B) (B) (A) (B) (A) (A) (B) (A) (B) (A) (B)
                 (A) (B) (B) (A) (B) (A) (B) (A) (A) (B) (B) (A)
                 (B)
 The electronic state is 1-A.
 Alpha  occ. eigenvalues --  -14.33143 -14.33143 -10.20916 -10.20916 -10.20911
 Alpha  occ. eigenvalues --  -10.20900 -10.20899 -10.20894  -0.96112  -0.88105
 Alpha  occ. eigenvalues --   -0.75821  -0.75804  -0.63924  -0.63914  -0.63415
 Alpha  occ. eigenvalues --   -0.52108  -0.50381  -0.50374  -0.48460  -0.41581
 Alpha  occ. eigenvalues --   -0.41572  -0.41454  -0.39779  -0.39760  -0.38219
 Alpha  occ. eigenvalues --   -0.38200  -0.33261  -0.32549  -0.32533  -0.26280
 Alpha  occ. eigenvalues --   -0.19110
 Alpha virt. eigenvalues --    0.00581   0.01980   0.01981   0.02747   0.03732
 Alpha virt. eigenvalues --    0.04263   0.04265   0.04615   0.04615   0.06892
 Alpha virt. eigenvalues --    0.09037   0.09308   0.09310   0.10725   0.10726
 Alpha virt. eigenvalues --    0.10870   0.12816   0.13774   0.13779   0.14329
 Alpha virt. eigenvalues --    0.15453   0.15455   0.17114   0.18127   0.18127
 Alpha virt. eigenvalues --    0.19513   0.19514   0.20253   0.20260   0.23231
 Alpha virt. eigenvalues --    0.23965   0.23981   0.24100   0.24923   0.26448
 Alpha virt. eigenvalues --    0.27852   0.27859   0.28661   0.28663   0.29229
 Alpha virt. eigenvalues --    0.30883   0.32563   0.32581   0.34382   0.35819
 Alpha virt. eigenvalues --    0.36188   0.36200   0.37234   0.37253   0.41576
 Alpha virt. eigenvalues --    0.41587   0.48842   0.49682   0.61896   0.61911
 Alpha virt. eigenvalues --    0.65809   0.67926   0.68732   0.68738   0.70052
 Alpha virt. eigenvalues --    0.70060   0.73439   0.77084   0.77102   0.79715
 Alpha virt. eigenvalues --    0.79729   0.86299   0.87832   0.90089   0.91722
 Alpha virt. eigenvalues --    0.91739   0.94022   0.95735   0.98376   0.98385
 Alpha virt. eigenvalues --    0.98529   0.98530   1.01250   1.01271   1.07476
 Alpha virt. eigenvalues --    1.08952   1.08958   1.12030   1.15148   1.15150
 Alpha virt. eigenvalues --    1.24475   1.25793   1.25810   1.29836   1.34086
 Alpha virt. eigenvalues --    1.34087   1.39496   1.43508   1.44837   1.44875
 Alpha virt. eigenvalues --    1.57928   1.66950   1.67838   1.67884   1.69696
 Alpha virt. eigenvalues --    1.73818   1.73819   1.83042   1.84555   1.84579
 Alpha virt. eigenvalues --    1.98189   1.98232   2.00029   2.04639   2.04694
 Alpha virt. eigenvalues --    2.07841   2.10871   2.10878   2.11973   2.12003
 Alpha virt. eigenvalues --    2.13126   2.20860   2.25466   2.27741   2.27751
 Alpha virt. eigenvalues --    2.41940   2.44080   2.44939   2.44969   2.45509
 Alpha virt. eigenvalues --    2.45542   2.52301   2.56202   2.56211   2.73102
 Alpha virt. eigenvalues --    2.77561   2.77590   2.80584   2.80600   2.85984
 Alpha virt. eigenvalues --    2.89412   2.89421   4.05309   4.29443   4.29476
 Alpha virt. eigenvalues --    4.37973   4.53402   4.69968   4.69971   4.73439
          Condensed to atoms (all electrons):
               1          2          3          4          5          6
     1  C    6.654771  -0.783727   0.455757   0.455825  -0.107822  -0.107801
     2  C   -0.783727   6.654771  -0.107801  -0.107822   0.455825   0.455757
     3  H    0.455757  -0.107801   0.528585  -0.024332  -0.004672   0.004386
     4  H    0.455825  -0.107822  -0.024332   0.528569   0.004385  -0.004672
     5  H   -0.107822   0.455825  -0.004672   0.004385   0.528569  -0.024332
     6  H   -0.107801   0.455757   0.004386  -0.004672  -0.024332   0.528585
     7  C   -0.489793   0.304136  -0.027580   0.006587   0.017043  -0.001039
     8  H    0.006632  -0.001052   0.000326  -0.000148   0.000039   0.000029
     9  H   -0.027632   0.017133   0.005272   0.000325   0.000359   0.000039
    10  C    0.304507  -0.489796   0.016997  -0.001033  -0.027624   0.006561
    11  H   -0.001047   0.006659   0.000039   0.000029   0.000326  -0.000148
    12  H    0.017087  -0.027588   0.000359   0.000039   0.005272   0.000325
    13  C    0.304136  -0.489793  -0.001039   0.017043   0.006587  -0.027580
    14  H   -0.001052   0.006632   0.000029   0.000039  -0.000148   0.000326
    15  H    0.017133  -0.027632   0.000039   0.000359   0.000325   0.005272
    16  C   -0.489796   0.304507   0.006561  -0.027624  -0.001033   0.016997
    17  H    0.006659  -0.001047  -0.000148   0.000326   0.000029   0.000039
    18  H   -0.027588   0.017087   0.000325   0.005272   0.000039   0.000359
    19  N   -0.047322   0.207788   0.005737   0.005711  -0.057315  -0.057291
    20  N    0.207788  -0.047322  -0.057291  -0.057315   0.005711   0.005737
               7          8          9         10         11         12
     1  C   -0.489793   0.006632  -0.027632   0.304507  -0.001047   0.017087
     2  C    0.304136  -0.001052   0.017133  -0.489796   0.006659  -0.027588
     3  H   -0.027580   0.000326   0.005272   0.016997   0.000039   0.000359
     4  H    0.006587  -0.000148   0.000325  -0.001033   0.000029   0.000039
     5  H    0.017043   0.000039   0.000359  -0.027624   0.000326   0.005272
     6  H   -0.001039   0.000029   0.000039   0.006561  -0.000148   0.000325
     7  C    6.652690   0.455640   0.455558  -0.781313  -0.107790  -0.107656
     8  H    0.455640   0.528603  -0.024271  -0.107769  -0.004671   0.004380
     9  H    0.455558  -0.024271   0.528494  -0.107677   0.004379  -0.004650
    10  C   -0.781313  -0.107769  -0.107677   6.652690   0.455705   0.455493
    11  H   -0.107790  -0.004671   0.004379   0.455705   0.528587  -0.024271
    12  H   -0.107656   0.004380  -0.004650   0.455493  -0.024271   0.528509
    13  C    0.304092   0.017072  -0.001111  -0.489299  -0.027699   0.006670
    14  H    0.017072   0.000361   0.000039  -0.027655   0.005294   0.000329
    15  H   -0.001111   0.000039   0.000029   0.006698   0.000329  -0.000148
    16  C   -0.489299  -0.027655   0.006698   0.303722   0.017118  -0.001116
    17  H   -0.027699   0.005294   0.000329   0.017118   0.000361   0.000039
    18  H    0.006670   0.000329  -0.000148  -0.001116   0.000039   0.000029
    19  N   -0.047216   0.005739   0.005696   0.207793  -0.057338  -0.057262
    20  N    0.207796  -0.057315  -0.057286  -0.047218   0.005713   0.005722
              13         14         15         16         17         18
     1  C    0.304136  -0.001052   0.017133  -0.489796   0.006659  -0.027588
     2  C   -0.489793   0.006632  -0.027632   0.304507  -0.001047   0.017087
     3  H   -0.001039   0.000029   0.000039   0.006561  -0.000148   0.000325
     4  H    0.017043   0.000039   0.000359  -0.027624   0.000326   0.005272
     5  H    0.006587  -0.000148   0.000325  -0.001033   0.000029   0.000039
     6  H   -0.027580   0.000326   0.005272   0.016997   0.000039   0.000359
     7  C    0.304092   0.017072  -0.001111  -0.489299  -0.027699   0.006670
     8  H    0.017072   0.000361   0.000039  -0.027655   0.005294   0.000329
     9  H   -0.001111   0.000039   0.000029   0.006698   0.000329  -0.000148
    10  C   -0.489299  -0.027655   0.006698   0.303722   0.017118  -0.001116
    11  H   -0.027699   0.005294   0.000329   0.017118   0.000361   0.000039
    12  H    0.006670   0.000329  -0.000148  -0.001116   0.000039   0.000029
    13  C    6.652690   0.455640   0.455558  -0.781313  -0.107790  -0.107656
    14  H    0.455640   0.528603  -0.024271  -0.107769  -0.004671   0.004380
    15  H    0.455558  -0.024271   0.528494  -0.107677   0.004379  -0.004650
    16  C   -0.781313  -0.107769  -0.107677   6.652690   0.455705   0.455493
    17  H   -0.107790  -0.004671   0.004379   0.455705   0.528587  -0.024271
    18  H   -0.107656   0.004380  -0.004650   0.455493  -0.024271   0.528509
    19  N    0.207796  -0.057315  -0.057286  -0.047218   0.005713   0.005722
    20  N   -0.047216   0.005739   0.005696   0.207793  -0.057338  -0.057262
              19         20
     1  C   -0.047322   0.207788
     2  C    0.207788  -0.047322
     3  H    0.005737  -0.057291
     4  H    0.005711  -0.057315
     5  H   -0.057315   0.005711
     6  H   -0.057291   0.005737
     7  C   -0.047216   0.207796
     8  H    0.005739  -0.057315
     9  H    0.005696  -0.057286
    10  C    0.207793  -0.047218
    11  H   -0.057338   0.005713
    12  H   -0.057262   0.005722
    13  C    0.207796  -0.047216
    14  H   -0.057315   0.005739
    15  H   -0.057286   0.005696
    16  C   -0.047218   0.207793
    17  H    0.005713  -0.057338
    18  H    0.005722  -0.057262
    19  N    7.065823  -0.087704
    20  N   -0.087704   7.065823
 Mulliken charges:
               1
     1  C   -0.346715
     2  C   -0.346715
     3  H    0.198451
     4  H    0.198438
     5  H    0.198438
     6  H    0.198451
     7  C   -0.346788
     8  H    0.198398
     9  H    0.198426
    10  C   -0.346785
    11  H    0.198385
    12  H    0.198439
    13  C   -0.346788
    14  H    0.198398
    15  H    0.198426
    16  C   -0.346785
    17  H    0.198385
    18  H    0.198439
    19  N   -0.150250
    20  N   -0.150250
 Sum of Mulliken charges =   0.00000
 Mulliken charges with hydrogens summed into heavy atoms:
               1
     1  C    0.050175
     2  C    0.050175
     7  C    0.050036
    10  C    0.050039
    13  C    0.050036
    16  C    0.050039
    19  N   -0.150250
    20  N   -0.150250
 Electronic spatial extent (au):  <R**2>=            772.4546
 Charge=              0.0000 electrons
 Dipole moment (field-independent basis, Debye):
    X=              0.0000    Y=              0.0000    Z=             -0.0012  Tot=              0.0012
 Quadrupole moment (field-independent basis, Debye-Ang):
   XX=            -47.4828   YY=            -59.7309   ZZ=            -47.4764
   XY=              0.0072   XZ=              0.0000   YZ=              0.0000
 Traceless Quadrupole moment (field-independent basis, Debye-Ang):
   XX=              4.0806   YY=             -8.1676   ZZ=              4.0870
   XY=              0.0072   XZ=              0.0000   YZ=              0.0000
 Octapole moment (field-independent basis, Debye-Ang**2):
  XXX=              0.0000  YYY=              0.0000  ZZZ=             -1.8548  XYY=              0.0000
  XXY=              0.0000  XXZ=              1.8607  XZZ=              0.0000  YZZ=              0.0000
  YYZ=             -0.0004  XYZ=              0.0011
 Hexadecapole moment (field-independent basis, Debye-Ang**3):
 XXXX=           -349.5809 YYYY=           -419.2676 ZZZZ=           -349.7681 XXXY=             -0.0089
 XXXZ=              0.0000 YYYX=              0.0422 YYYZ=              0.0000 ZZZX=              0.0000
 ZZZY=              0.0000 XXYY=           -115.9246 XXZZ=           -116.5858 YYZZ=           -115.9585
 XXYZ=              0.0000 YYXZ=              0.0000 ZZXY=              0.0075
 N-N= 4.228847236778D+02 E-N=-1.645974479302D+03  KE= 3.419758612394D+02
 Symmetry A    KE= 1.720054400966D+02
 Symmetry B    KE= 1.699704211429D+02
 Calling FoFJK, ICntrl=      2127 FMM=F ISym2X=1 I1Cent= 0 IOpClX= 0 NMat=1 NMatS=1 NMatT=0.
 ***** Axes restored to original set *****
 -------------------------------------------------------------------
 Center     Atomic                   Forces (Hartrees/Bohr)
 Number     Number              X              Y              Z
 -------------------------------------------------------------------
      1        6           0.000000385   -0.000010851   -0.001904297
      2        6          -0.000000385    0.000010851   -0.001904297
      3        1           0.000005912   -0.000660277    0.000003050
      4        1          -0.000005464   -0.000659738    0.000003861
      5        1           0.000005464    0.000659738    0.000003861
      6        1          -0.000005912    0.000660277    0.000003050
